0 1 1 0 1110100111000111
A1 11 2 9 0010000111000111
D2 11 3 8 0010000110001001
D3 11 3 8 0010000111100000
A4 12 4 8 0001000010001001
D1 12 4 8 0010000100000101
A4 12 4 8 0001000011100000
B3 12 4 8 0000011011000000
C2 12 4 8 0010010100000100
D1 13 5 8 0001000000000101
A4 13 5 8 0001000000000101
C2 13 5 8 0001010000000100
B2 13 5 8 0100100010000000
C2 13 5 8 0000001000100100
A4 13 5 8 0001010000000100
B3 13 5 8 0000001000100100
A1 14 6 8 1000000010000000
A4 12 3 9 0001000011000111
D2 12 4 8 0001000010001001
D3 12 4 8 0001000011100000
C2 12 3 9 0010010100100011
B3 11 4 7 0000001000000011
D4 12 5 7 0000001000010000
C4 12 4 8 0010010000010010
D3 12 4 8 0010010100000100
D3 13 5 8 0000001000100100
B4 14 6 8 0001000100000000
D4 13 5 8 0010010000000001
A4 15 7 8 0010000000000000
D1 12 3 9 0010000101001011
D2 12 4 8 0010000100000101
D4 12 3 9 0010000111010100
C1 13 4 9 0010100101000001
C4 13 4 9 0010000010111000
C1 13 4 9 0010100100101000
C4 13 4 9 0010000011010001
C1 14 5 9 0001100001000001
C4 14 5 9 0010000000110100
D3 14 5 9 0010000100100010
C1 14 5 9 0001100000101000
B1 14 5 9 1000101001000000
C1 14 5 9 0000111000001000
A2 14 5 9 1100000100000100
D3 15 6 9 0001000000100010
B1 15 6 9 1100010000000000
A2 15 7 8 0010000000000000
C1 15 6 9 0100000001001000
D3 15 6 9 0000001000000011
B1 16 7 9 0000110000000000
C2 13 4 9 0001010000100011
D3 13 5 8 0001010000000100
