0 0 0 0 1110100111000111
B3 5 0 5 1100111011100111
A4 3 0 3 1111111111100111
D1 3 0 3 1111111101101011
D3 3 0 3 1111111111000000
D4 3 0 3 1111111111110100
C4 3 0 3 1111111001011010
D1 3 0 3 1111111111100111
D2 3 0 3 1111111100100101
D4 3 0 3 1111111101111000
C4 3 0 3 1111111011110001
D2 2 0 2 1111111010111111
D3 3 0 3 1111111111100111
D4 3 0 3 1111111111010011
D1 3 0 3 1111111101111000
D3 3 0 3 1111111111010011
D4 3 0 3 1111111111100111
A2 3 0 3 0001101001011010
C4 3 0 3 1111111101101011
D3 3 0 3 1111111001111101
C1 3 0 3 1111011111101101
D2 3 0 3 1111111101101011
D3 3 0 3 1111111100000010
D1 3 0 3 1111111111110100
D3 3 0 3 1111111101011111
D4 3 0 3 1111111101101011
B4 3 0 3 1110110111100001
C4 3 0 3 1111111111000000
D1 3 0 3 1111111001111101
D4 3 0 3 1111111011100010
A4 3 0 3 1100111110111111
A4 2 0 2 1111111010111111
C1 3 0 3 1111011001110111
C1 2 0 2 1111111010111111
C2 3 0 3 1111101001011011
C2 2 0 2 1111111010111111
D1 3 0 3 1111111000110011
D1 2 0 2 1111111010111111
D2 3 0 3 1111111011110001
D4 3 0 3 1111111010101100
D4 2 0 2 1111111010111111
C2 3 0 3 1111101100110111
A1 2 0 2 0011001100110111
C1 2 0 2 0011101111111111
A2 1 0 1 1101111111111111
C1 2 0 2 0011001100110111
A2 2 0 2 0011101111111111
A3 2 0 2 1010110111111111
A3 1 0 1 1101111111111111
A4 2 0 2 1110111011111111
A4 1 0 1 1101111111111111
