0 1 1 0 011001100
A3 5 2 3 000000100
C1 8 3 5 000100010
C1 9 4 5 000000100
A2 8 2 6 100011100
B1 8 3 5 000101000
B3 8 2 6 010010101
C2 8 3 5 010000010
B1 9 3 6 100110000
B1 9 4 5 000000100
C2 9 3 6 000010011
C2 9 4 5 000000100
A1 10 4 6 010010000
C3 10 4 6 000011000
A1 9 2 7 101101100
B1 9 3 6 001011000
B3 9 4 5 000000001
A3 10 4 6 010010000
B2 9 2 7 001110110
C1 8 3 5 001010000
B1 9 3 6 101000010
C2 9 3 6 001100001
A2 10 4 6 110000000
B3 10 4 6 000001001
A1 11 5 6 000100000
C3 11 5 6 000000010
C1 9 2 7 011101010
A3 8 3 5 000100010
B2 8 3 5 001010000
C3 9 2 7 011000111
C2 9 3 6 011010000
A2 9 4 5 100000000
A3 10 4 6 000011000
A1 10 3 7 110100100
A1 9 4 5 000000100
B1 10 4 6 010010000
A3 10 3 7 011001100
C3 10 3 7 000001111
C3 9 4 5 000000100
C2 10 4 6 000011000
A1 11 4 7 110000010
B2 11 4 7 010011000
C3 11 4 7 000101001
A2 10 3 7 011001100
B3 10 3 7 101000101
C2 10 3 7 100001011
C3 9 4 5 100000000
A1 11 4 7 110001000
A3 11 4 7 011100000
B2 11 4 7 010010010
C1 11 4 7 000001110
C3 11 4 7 000100011
A2 10 3 7 101000101
B1 10 3 7 110100001
A1 9 4 5 000000001
B3 10 3 7 011001100
A1 11 4 7 100100010
A3 11 4 7 001001010
B2 11 4 7 000111000
C1 11 4 7 010100100
C3 11 4 7 010001001
A2 11 4 7 011100000
B3 11 4 7 001001010
A2 12 5 7 101000000
B3 12 5 7 001000001
A1 10 3 7 011001100
A3 10 3 7 110100100
C1 10 3 7 101001010
A2 11 4 7 110001000
C3 12 5 7 000001010
B2 10 3 7 011001100
A3 11 4 7 010011000
A2 11 4 7 010010010
B3 11 4 7 000111000
A2 12 5 7 001010000
B3 12 5 7 001010000
A1 10 3 7 101001010
C1 10 3 7 011001100
C3 10 3 7 011100001
A3 10 3 7 000001111
C1 10 3 7 011100001
C3 10 3 7 011001100
B3 11 4 7 010001001
A1 12 5 7 010100000
C1 11 4 7 110000010
C1 11 4 7 000101001
A1 12 5 7 000100010
A3 12 5 7 001010000
B2 12 5 7 000100010
C3 12 5 7 000100010
A1 12 5 7 000101000
A3 12 5 7 101000000
A1 12 5 7 101000000
A3 12 5 7 000101000
B2 12 5 7 000101000
C1 12 5 7 000101000
C3 12 5 7 000000101
C1 12 5 7 000000101
C3 12 5 7 000101000
A1 12 5 7 010000010
C1 12 5 7 100000100
A3 12 5 7 010000010
C3 12 5 7 001000001
B2 12 5 7 010000010
A1 12 5 7 100000100
C1 12 5 7 010000010
A3 12 5 7 001000001
C3 12 5 7 010000010
A3 11 4 7 110000010
C3 11 4 7 101000001
C3 13 6 7 000000001
A1 11 4 7 101000001
A3 11 4 7 000101001
A1 13 6 7 100000000
B1 10 2 8 111111000
A2 8 3 5 000101000
A1 9 3 6 001011000
A3 9 3 6 100110000
B2 9 3 6 101000010
B1 10 3 7 011001100
B3 10 3 7 110100001
C2 10 2 8 011011011
B3 8 3 5 010000010
A3 9 3 6 000010011
B2 9 3 6 001100001
C3 9 3 6 011010000
A2 10 3 7 100001011
C2 10 3 7 011001100
A2 11 3 8 111010100
A2 9 4 5 000000100
B1 11 4 7 011100000
B3 11 3 8 001011101
B3 9 4 5 000000100
C2 11 4 7 001001010
B1 12 4 8 100010110
B1 12 5 7 000100010
C2 12 5 7 100000001
C2 12 4 8 000110101
B1 12 5 7 100000001
C2 12 5 7 000100010
A1 11 3 8 010111100
B2 10 4 6 000000110
C1 11 5 6 000100000
B1 11 4 7 110001000
C2 12 5 7 000010001
A3 11 3 8 111010100
B2 11 3 8 110100110
A1 10 4 6 000000110
C1 10 4 6 110000000
B1 11 4 7 010010010
C1 11 3 8 100111010
B2 10 4 6 110000000
B1 11 4 7 000001110
C3 11 3 8 100010111
C2 9 4 5 100000000
B1 11 4 7 000100011
B1 12 4 8 100011100
B3 12 4 8 001110001
B3 12 5 7 000101000
A1 11 3 8 100110101
B1 9 4 5 000000001
C2 11 4 7 100100010
A3 11 3 8 001011101
B2 11 3 8 000101111
C1 10 4 6 000001001
C3 10 4 6 000100100
C1 11 5 6 000000010
C2 11 4 7 000111000
B1 12 5 7 100010000
C1 11 3 8 010110011
B2 10 4 6 000001001
C2 11 4 7 010100100
C3 11 3 8 010011110
B2 10 4 6 000100100
C2 11 4 7 010001001
A2 12 4 8 101010010
A2 12 5 7 010000010
C2 12 4 8 010010101
B2 12 4 8 110001010
C1 12 4 8 100010110
B2 12 4 8 010101001
C1 12 4 8 000110101
A1 13 5 8 100110000
A3 13 5 8 001011000
B2 13 5 8 000101010
A3 13 5 8 011010000
B2 13 5 8 010100010
C3 13 5 8 000010011
A2 11 3 8 010111100
B3 11 3 8 100110101
B2 12 4 8 011100010
C3 12 4 8 001010011
B3 12 5 7 000001010
C2 12 5 7 001000100
B3 13 5 8 001011000
C2 13 5 8 000010110
C2 13 6 7 000000001
A2 11 3 8 110100110
B3 11 3 8 000101111
B1 12 4 8 101100100
B1 12 5 7 001010000
C2 12 4 8 001000111
C2 12 5 7 001010000
A1 12 4 8 011100010
A3 12 4 8 110001010
C1 12 4 8 101100100
C3 12 4 8 101001001
B3 12 5 7 100010000
A1 12 4 8 111000001
A2 12 5 7 000010001
A3 12 4 8 010101001
C1 12 4 8 001000111
C3 12 4 8 001101010
A3 13 5 8 101001000
A3 13 5 8 011000001
A1 14 6 8 110000000
C1 14 6 8 000000110
C1 14 6 8 000100100
C3 14 6 8 000001001
A2 11 3 8 100111010
B3 11 3 8 010110011
A2 11 3 8 100010111
B3 11 3 8 010011110
A1 12 4 8 101110000
A2 12 5 7 010100000
B1 12 5 7 001000100
B2 12 4 8 001101010
A2 13 5 8 011010000
B1 13 5 8 000110100
B1 13 6 7 100000000
A2 12 4 8 001110100
B1 12 5 7 101000000
B3 12 4 8 001010110
C2 12 5 7 001000001
A2 13 5 8 001010010
A2 13 5 8 101001000
B3 13 5 8 011000001
B3 13 5 8 001110000
A2 12 4 8 010010101
B1 12 4 8 001110001
B3 12 4 8 100011100
C2 12 4 8 101010010
B3 12 4 8 101010010
C2 12 4 8 100011100
A2 13 5 8 001011000
A2 13 5 8 100110000
A2 13 5 8 101000010
C2 13 5 8 010000101
C2 13 5 8 000011001
B3 13 6 7 001000000
C2 13 5 8 000110100
A2 12 4 8 001110001
B1 12 4 8 010010101
B1 13 5 8 000010110
B3 13 5 8 000010011
B1 13 5 8 100001100
B3 13 5 8 001100001
B1 13 5 8 110010000
A2 13 6 7 001000000
B3 13 5 8 011010000
A2 14 6 8 010010000
B3 14 6 8 000011000
A2 12 4 8 010011010
B2 11 5 6 000100000
B3 12 4 8 100010011
C2 12 5 7 100000100
A2 12 4 8 100110001
B1 12 5 7 000000101
B3 12 4 8 010111000
B2 11 5 6 000000010
C2 14 6 8 000010010
B1 14 6 8 000110000
A2 13 5 8 010010001
B3 13 5 8 100011000
A1 12 4 8 001110100
A3 12 4 8 100011100
A3 12 4 8 010010101
C3 12 4 8 001010110
C1 13 5 8 100110000
C1 13 5 8 000010011
A1 12 4 8 100011100
A3 12 4 8 001110100
C1 12 4 8 010011010
C3 13 5 8 000001101
B3 14 6 8 001001000
C2 14 6 8 000000110
B2 12 4 8 100011100
A1 12 4 8 010011010
C1 12 4 8 100011100
C3 12 4 8 100110001
C1 12 4 8 100110001
C3 12 4 8 100011100
A1 12 4 8 010010101
C1 12 4 8 100010011
B2 12 4 8 010010101
A1 13 5 8 110000100
A2 14 6 8 011000000
B1 14 6 8 000100100
A1 12 4 8 100010011
C1 12 4 8 010010101
C3 12 4 8 010111000
A3 12 4 8 001010110
C1 12 4 8 010111000
C3 12 4 8 010010101
A1 13 5 8 000101010
A3 13 5 8 101000010
B2 13 5 8 100110000
C3 13 5 8 110000001
A1 13 5 8 100001001
A3 13 5 8 001100001
B2 13 5 8 000010011
C3 13 5 8 010100010
B2 14 6 8 010010000
C1 14 6 8 000001100
C3 14 6 8 000100001
A1 14 6 8 100000010
B2 14 6 8 000011000
C1 14 6 8 010000100
A1 13 5 8 101000010
A3 13 5 8 000101010
B2 13 5 8 001011000
C1 13 5 8 011000100
C3 13 5 8 001011000
C1 14 6 8 000110000
A1 13 5 8 011000100
C1 13 5 8 101000010
C1 13 5 8 001100001
C3 13 5 8 001001100
A3 13 5 8 110000001
C3 13 5 8 101000010
A1 13 5 8 001100001
A3 13 5 8 100001001
A3 13 5 8 010100010
B2 13 5 8 011010000
C1 13 5 8 001001100
C3 13 5 8 001100001
A3 14 6 8 110000000
A3 14 6 8 000001001
A1 13 5 8 011010000
C1 14 6 8 000010010
C1 13 5 8 001010010
C1 13 5 8 001110000
C3 14 6 8 000010010
A1 14 6 8 000110000
A3 13 5 8 001010010
C3 13 5 8 010010001
C3 13 5 8 100011000
A1 13 5 8 010010001
A1 13 5 8 100011000
A3 13 5 8 001110000
C3 14 6 8 000000110
A3 15 7 8 010000000
A1 14 6 8 000100100
A3 15 7 8 000001000
A1 14 6 8 000100001
C3 14 6 8 100000010
A3 14 6 8 000001100
A3 14 6 8 010000100
B2 12 3 9 010111110
B2 9 4 5 000000100
C1 11 4 7 010011000
B1 12 4 8 110001010
C2 12 4 8 010101001
A3 13 4 9 011101010
B3 13 4 9 101101001
B3 13 5 8 100110000
C2 13 4 9 100100111
C1 12 5 7 100000001
B1 13 5 8 000010011
C2 13 5 8 100110000
A2 13 4 9 111000011
A2 13 5 8 000010011
B1 13 4 9 100100111
B1 14 5 9 110100100
B3 14 5 9 011001001
A3 13 6 7 000000001
B3 14 6 8 010010000
C2 14 5 9 010000111
C2 14 6 8 010010000
A2 14 5 9 111001000
A3 13 6 7 100000000
A2 14 6 8 000011000
B1 14 5 9 100101100
B1 14 6 8 000011000
C2 14 5 9 000001111
B2 12 3 9 111010110
A2 10 4 6 000000110
B1 12 4 8 011100010
C2 12 4 8 111000001
C3 12 3 9 101100111
C1 11 4 7 101000001
B1 12 4 8 001010011
C2 12 4 8 101110000
B1 13 4 9 101101100
C2 13 4 9 001001111
C3 12 5 7 001000100
B3 13 5 8 000010110
C2 13 5 8 001011000
A1 14 5 9 110100001
A3 14 5 9 011001001
C1 14 5 9 000100111
C1 13 6 7 000000001
C2 14 6 8 000110000
A1 12 3 9 111010110
A3 12 3 9 010111110
C3 12 3 9 001111101
B3 10 4 6 000100100
B1 12 4 8 101001001
C2 12 4 8 001101010
A1 13 4 9 111110000
A2 11 5 6 000100000
A1 12 5 7 001010000
B1 13 5 8 011000100
B2 13 4 9 011101010
C1 13 4 9 001110110
C3 13 4 9 001011011
B3 11 5 6 000000010
C3 12 5 7 001010000
C2 13 5 8 001001100
B1 13 4 9 001110110
B3 13 4 9 100011011
C3 12 5 7 100010000
B3 13 5 8 101000010
C2 13 5 8 100001100
C2 13 4 9 101010101
A2 13 5 8 010000101
B1 13 5 8 001100001
B3 13 5 8 100001100
C2 13 5 8 101000010
A2 13 4 9 110110001
A1 12 5 7 000010001
A2 13 5 8 001100001
B1 13 5 8 010000101
B1 13 4 9 101010101
C2 13 4 9 001110110
B1 14 5 9 010110100
B1 14 6 8 110000000
C2 14 5 9 000011110
C2 14 6 8 000001001
B1 15 6 9 100010100
B1 15 7 8 000100000
C2 15 6 9 000010101
C2 15 7 8 000000010
A1 12 3 9 101100111
B2 12 3 9 001111101
B1 13 4 9 111100100
A1 12 5 7 001000100
A2 13 5 8 000110100
B1 13 5 8 011010000
C2 13 4 9 011000111
A3 14 5 9 111001000
C1 14 5 9 100100110
C1 13 6 7 100000000
B1 14 6 8 000010010
C3 14 5 9 100001011
A3 13 4 9 101101100
B2 13 4 9 100011110
B1 13 5 8 000101010
C2 13 5 8 100001001
A3 13 4 9 011000111
B2 13 4 9 010110101
B1 13 5 8 110000001
C2 13 5 8 010100010
A3 14 5 9 101001010
B2 14 5 9 100111000
B1 14 6 8 000001100
C1 14 5 9 110100100
C3 14 5 9 110001001
A1 14 5 9 100111000
C3 14 5 9 010010011
C2 14 6 8 010000100
A1 14 5 9 110001001
A3 14 5 9 011100001
B2 14 5 9 010010011
C1 14 5 9 000001111
A1 13 4 9 011100101
A3 13 4 9 110001101
C1 13 4 9 101100011
C3 13 4 9 101001110
A1 13 4 9 010101011
B2 12 5 7 000010001
C3 12 5 7 010100000
A3 13 4 9 111000011
B2 13 4 9 110110001
C1 13 4 9 100101101
B1 13 5 8 000011001
B2 14 5 9 100110010
B1 14 6 8 000000110
C3 14 5 9 110000011
B2 14 5 9 001011010
B3 14 6 8 000000011
C3 15 7 8 000001000
C1 14 5 9 011000110
A1 14 5 9 100110010
A3 14 5 9 001011010
C1 14 5 9 010110100
C3 14 5 9 010011001
B3 14 6 8 011000000
A3 14 5 9 011000110
B2 14 5 9 010110100
A1 14 5 9 110000011
B2 14 5 9 010011001
A3 13 4 9 101101001
B2 13 4 9 100011011
C1 13 4 9 110000111
C2 13 5 8 110010000
C3 13 4 9 110101010
A1 12 5 7 000001010
B2 12 5 7 100010000
B2 14 5 9 110011000
A2 14 6 8 001001000
C3 14 5 9 100101001
B2 14 5 9 011110000
A2 14 6 8 100100000
A1 15 7 8 010000000
C1 14 5 9 001101100
A1 14 5 9 110011000
A3 14 5 9 011110000
C1 14 5 9 000011110
C3 14 5 9 000110011
C2 14 6 8 000100100
A3 14 5 9 001101100
B2 14 5 9 000011110
A1 14 5 9 100101001
B2 14 5 9 000110011
A1 15 6 9 011100000
A3 15 6 9 110001000
A3 15 6 9 010001001
C3 15 6 9 001001010
A1 13 4 9 011101010
B2 13 4 9 111110000
C1 13 4 9 101101100
A3 15 6 9 011000010
B2 15 6 9 010110000
C1 15 6 9 000101100
B2 13 4 9 001011011
C1 13 4 9 011000111
C3 13 4 9 011101010
A3 15 6 9 001101000
B2 15 6 9 000011010
C1 15 6 9 010000110
C1 15 6 9 000100011
C3 15 6 9 000001110
A1 15 6 9 010100100
C1 15 6 9 100100010
A1 14 5 9 011100001
A3 14 5 9 110001001
C3 14 5 9 101001010
B3 13 4 9 110001101
C2 13 4 9 111000011
A2 13 4 9 110001101
B1 13 4 9 101101001
A2 14 5 9 011000110
A1 15 6 9 010100001
C3 15 6 9 100001010
B3 14 5 9 001101100
A2 13 4 9 101101100
B3 13 4 9 011100101
C2 13 4 9 010101011
B1 14 5 9 100110010
C3 15 6 9 000011010
A2 13 4 9 001110110
C2 13 4 9 110110001
A2 13 4 9 011101010
B3 13 4 9 101100011
C2 13 4 9 100101101
A2 13 4 9 011000111
B3 13 4 9 101001110
A2 14 5 9 110100001
B1 14 5 9 101000101
C2 14 5 9 001100110
C1 13 6 7 001000000
A2 13 4 9 011100101
B3 13 4 9 101101100
B1 13 4 9 100011011
B3 13 4 9 001110110
C2 14 5 9 000110011
A1 15 6 9 010110000
A2 13 4 9 101100011
B1 13 4 9 110000111
B3 13 4 9 011101010
A2 13 4 9 101001110
B1 13 4 9 110101010
B3 13 4 9 011000111
B1 14 5 9 001100110
B3 14 5 9 100001011
C2 14 5 9 101000101
A2 14 5 9 001011010
B3 14 5 9 011110000
A2 14 5 9 100110010
A2 14 5 9 110000011
A3 15 6 9 010001100
C1 15 6 9 001100010
B1 15 6 9 100100010
A2 14 5 9 010110100
B3 14 5 9 000011110
A2 14 5 9 010011001
B3 14 5 9 110011000
B3 14 5 9 000110011
A2 15 6 9 010011000
B3 15 6 9 100010001
A2 15 6 9 100010001
B3 15 6 9 010011000
B3 14 5 9 100101001
C2 15 6 9 000100011
A2 14 5 9 110100100
B3 14 5 9 000101101
C2 14 5 9 001100011
A2 14 5 9 110000110
B1 14 5 9 101100010
B3 14 5 9 000001111
A2 15 6 9 110000010
B3 15 6 9 000001011
C3 14 7 7 000000000
