0 0 0 0 011001100
A3 1 0 1 000000100
B1 2 0 2 111111000
C2 2 0 2 011011011
C1 2 0 2 000100010
C1 1 0 1 000000100
A2 2 0 2 000101000
B3 2 0 2 010000010
A2 2 0 2 111111000
C2 2 0 2 000111111
B1 2 0 2 110110110
B3 2 0 2 011011011
C2 2 0 2 000101000
B1 2 0 2 010000010
A2 3 0 3 100011100
B1 2 0 2 000101000
B3 3 0 3 010010101
C2 2 0 2 010000010
C1 3 0 3 011101010
A3 2 0 2 000100010
B2 2 0 2 001010000
A2 2 0 2 110000000
A1 1 0 1 000100000
B3 2 0 2 000001001
C3 1 0 1 000000010
A2 2 0 2 001010000
A1 2 0 2 110000000
B1 2 0 2 100010100
B1 1 0 1 000100000
C1 2 0 2 000000110
C1 1 0 1 000100000
B3 2 0 2 001010000
C1 2 0 2 000100100
C1 1 0 1 000000010
C2 2 0 2 000010101
C2 1 0 1 000000010
C3 2 0 2 000001001
C2 2 0 2 000010001
B1 2 0 2 100010000
B3 2 0 2 001001000
A3 1 0 1 010000000
C2 2 0 2 000000110
A2 2 0 2 011000000
A3 1 0 1 000001000
B1 2 0 2 000100100
B3 2 0 2 000010001
A1 2 0 2 100100000
A1 1 0 1 010000000
A2 2 0 2 101010000
A2 1 0 1 010000000
A3 2 0 2 001001000
A2 2 0 2 100010000
A3 2 0 2 011000000
B3 2 0 2 001010001
B3 1 0 1 000001000
C3 2 0 2 000000011
C3 1 0 1 000001000
B1 2 0 2 000010100
C2 2 0 2 000010100
B1 2 0 2 100100000
C2 2 0 2 000000011
A1 3 0 3 110100100
A1 1 0 1 000000100
B3 1 0 1 111111101
B1 2 0 2 010010000
C1 2 0 2 111011011
C1 1 0 1 111111101
C3 2 0 2 111110110
C3 1 0 1 111111101
A2 2 0 2 101000000
A2 2 0 2 000001011
C3 0 0 0 000000000
