0 0 0 0 011001100
A3 0 0 0 000000100
C3 0 0 0 000001111
C3 0 0 0 000000100
C2 0 0 0 000011000
C2 0 0 0 000001111
C3 0 0 0 000010011
C2 0 0 0 000000100
C3 0 0 0 000011000
C1 0 0 0 000110101
C1 0 0 0 000010011
C2 0 0 0 000100010
C1 0 0 0 000000100
C3 0 0 0 000101001
C1 0 0 0 000001111
C3 0 0 0 000100010
C2 0 0 0 000111110
C1 0 0 0 000011000
C2 0 0 0 000101001
C3 0 0 0 000110101
B3 0 0 0 001100111
B3 0 0 0 000111110
C1 0 0 0 001000001
B3 0 0 0 000011000
C3 0 0 0 001001010
B3 0 0 0 000010011
C3 0 0 0 001000001
C2 0 0 0 001011101
B3 0 0 0 000000100
C2 0 0 0 001001010
C3 0 0 0 001010110
B3 0 0 0 000001111
C2 0 0 0 001000001
C3 0 0 0 001011101
C1 0 0 0 001110000
B3 0 0 0 000101001
C1 0 0 0 001010110
C2 0 0 0 001100111
C3 0 0 0 001111011
B3 0 0 0 000100010
C1 0 0 0 001011101
C2 0 0 0 001101100
B3 0 0 0 000110101
C1 0 0 0 001001010
C3 0 0 0 001100111
C2 0 0 0 001111011
A3 0 0 0 010100100
B2 0 0 0 000011110
C2 0 0 0 000001001
C3 0 0 0 000000010
C3 0 0 0 000001001
C2 0 0 0 000010101
C2 0 0 0 000000010
C3 0 0 0 000011110
C1 0 0 0 000110011
C1 0 0 0 000010101
C2 0 0 0 000100100
C1 0 0 0 000000010
C3 0 0 0 000101111
C1 0 0 0 000001001
C3 0 0 0 000100100
C2 0 0 0 000111000
C1 0 0 0 000011110
C2 0 0 0 000101111
C3 0 0 0 000110011
B3 0 0 0 001100001
B3 0 0 0 000111000
C1 0 0 0 001000111
B3 0 0 0 000011110
C3 0 0 0 001001100
B3 0 0 0 000010101
C3 0 0 0 001000111
C2 0 0 0 001011011
B3 0 0 0 000000010
C2 0 0 0 001001100
C3 0 0 0 001010000
B3 0 0 0 000001001
C2 0 0 0 001000111
C3 0 0 0 001011011
C1 0 0 0 001110110
B3 0 0 0 000101111
C1 0 0 0 001010000
C2 0 0 0 001100001
C3 0 0 0 001111101
B3 0 0 0 000100100
C1 0 0 0 001011011
C2 0 0 0 001101010
B3 0 0 0 000110011
C1 0 0 0 001001100
C3 0 0 0 001100001
C2 0 0 0 001111101
A3 0 0 0 010100010
B2 0 0 0 000011000
A3 0 0 0 001101010
C1 0 0 0 010000100
B2 0 0 0 000111110
A3 0 0 0 001001100
C3 0 0 0 010001111
B2 0 0 0 000110101
A3 0 0 0 001000111
C3 0 0 0 010000100
C2 0 0 0 010011000
B2 0 0 0 000100010
A3 0 0 0 001010000
C2 0 0 0 010001111
C3 0 0 0 010010011
B2 0 0 0 000101001
A3 0 0 0 001011011
C2 0 0 0 010000100
C3 0 0 0 010011000
C1 0 0 0 010110101
B2 0 0 0 000001111
A3 0 0 0 001111101
C1 0 0 0 010010011
C2 0 0 0 010100010
C3 0 0 0 010111110
B2 0 0 0 000000100
A3 0 0 0 001110110
C1 0 0 0 010011000
C2 0 0 0 010101001
B2 0 0 0 000010011
A3 0 0 0 001100001
C1 0 0 0 010001111
C3 0 0 0 010100010
C2 0 0 0 010111110
B3 0 0 0 011110000
A3 0 0 0 000111000
B2 0 0 0 001001010
B3 0 0 0 010101001
C1 0 0 0 011010110
A3 0 0 0 000011110
B2 0 0 0 001101100
B3 0 0 0 010001111
C2 0 0 0 011000001
A3 0 0 0 000001001
B2 0 0 0 001111011
B3 0 0 0 010011000
C3 0 0 0 011001010
A3 0 0 0 000000010
B2 0 0 0 001110000
B3 0 0 0 010010011
C3 0 0 0 011000001
C2 0 0 0 011011101
A3 0 0 0 000010101
B2 0 0 0 001100111
B3 0 0 0 010000100
C2 0 0 0 011001010
C3 0 0 0 011010110
C1 0 0 0 011111011
A3 0 0 0 000110011
B2 0 0 0 001000001
B3 0 0 0 010100010
C1 0 0 0 011011101
C2 0 0 0 011101100
A3 0 0 0 000100100
B2 0 0 0 001010110
B3 0 0 0 010110101
C1 0 0 0 011001010
C3 0 0 0 011100111
A3 0 0 0 000101111
B2 0 0 0 001011101
B3 0 0 0 010111110
C1 0 0 0 011000001
C3 0 0 0 011101100
C2 0 0 0 011110000
A2 0 0 0 100110111
B1 0 0 0 000000011
C3 0 0 0 000001000
C3 0 0 0 000000011
C2 0 0 0 000011111
C2 0 0 0 000001000
C3 0 0 0 000010100
C2 0 0 0 000000011
C3 0 0 0 000011111
C1 0 0 0 000110010
C1 0 0 0 000010100
C2 0 0 0 000100101
C1 0 0 0 000000011
C3 0 0 0 000101110
C1 0 0 0 000001000
C3 0 0 0 000100101
C2 0 0 0 000111001
C1 0 0 0 000011111
C2 0 0 0 000101110
C3 0 0 0 000110010
B3 0 0 0 001100000
B3 0 0 0 000111001
C1 0 0 0 001000110
B3 0 0 0 000011111
C3 0 0 0 001001101
B3 0 0 0 000010100
C3 0 0 0 001000110
C2 0 0 0 001011010
B3 0 0 0 000000011
C2 0 0 0 001001101
C3 0 0 0 001010001
B3 0 0 0 000001000
C2 0 0 0 001000110
C3 0 0 0 001011010
C1 0 0 0 001110111
B3 0 0 0 000101110
C1 0 0 0 001010001
C2 0 0 0 001100000
C3 0 0 0 001111100
B3 0 0 0 000100101
C1 0 0 0 001011010
C2 0 0 0 001101011
B3 0 0 0 000110010
C1 0 0 0 001001101
C3 0 0 0 001100000
C2 0 0 0 001111100
A3 0 0 0 010100011
B2 0 0 0 000011001
C2 0 0 0 000001110
C3 0 0 0 000000101
C3 0 0 0 000001110
C2 0 0 0 000010010
C2 0 0 0 000000101
C3 0 0 0 000011001
C1 0 0 0 000110100
C1 0 0 0 000010010
C2 0 0 0 000100011
C1 0 0 0 000000101
C3 0 0 0 000101000
C1 0 0 0 000001110
C3 0 0 0 000100011
C2 0 0 0 000111111
C1 0 0 0 000011001
C2 0 0 0 000101000
C3 0 0 0 000110100
B3 0 0 0 001100110
B3 0 0 0 000111111
C1 0 0 0 001000000
B3 0 0 0 000011001
C3 0 0 0 001001011
B3 0 0 0 000010010
C3 0 0 0 001000000
C2 0 0 0 001011100
B3 0 0 0 000000101
C2 0 0 0 001001011
C3 0 0 0 001010111
B3 0 0 0 000001110
C2 0 0 0 001000000
C3 0 0 0 001011100
C1 0 0 0 001110001
B3 0 0 0 000101000
C1 0 0 0 001010111
C2 0 0 0 001100110
C3 0 0 0 001111010
B3 0 0 0 000100011
C1 0 0 0 001011100
C2 0 0 0 001101101
B3 0 0 0 000110100
C1 0 0 0 001001011
C3 0 0 0 001100110
C2 0 0 0 001111010
A3 0 0 0 010100101
B2 0 0 0 000011111
A3 0 0 0 001101101
C1 0 0 0 010000011
B2 0 0 0 000111001
A3 0 0 0 001001011
C3 0 0 0 010001000
B2 0 0 0 000110010
A3 0 0 0 001000000
C3 0 0 0 010000011
C2 0 0 0 010011111
B2 0 0 0 000100101
A3 0 0 0 001010111
C2 0 0 0 010001000
C3 0 0 0 010010100
B2 0 0 0 000101110
A3 0 0 0 001011100
C2 0 0 0 010000011
C3 0 0 0 010011111
C1 0 0 0 010110010
B2 0 0 0 000001000
A3 0 0 0 001111010
C1 0 0 0 010010100
C2 0 0 0 010100101
C3 0 0 0 010111001
B2 0 0 0 000000011
A3 0 0 0 001110001
C1 0 0 0 010011111
C2 0 0 0 010101110
B2 0 0 0 000010100
A3 0 0 0 001100110
C1 0 0 0 010001000
C3 0 0 0 010100101
C2 0 0 0 010111001
B3 0 0 0 011110111
A3 0 0 0 000111111
B2 0 0 0 001001101
B3 0 0 0 010101110
C1 0 0 0 011010001
A3 0 0 0 000011001
B2 0 0 0 001101011
B3 0 0 0 010001000
C2 0 0 0 011000110
A3 0 0 0 000001110
B2 0 0 0 001111100
B3 0 0 0 010011111
C3 0 0 0 011001101
A3 0 0 0 000000101
B2 0 0 0 001110111
B3 0 0 0 010010100
C3 0 0 0 011000110
C2 0 0 0 011011010
A3 0 0 0 000010010
B2 0 0 0 001100000
B3 0 0 0 010000011
C2 0 0 0 011001101
C3 0 0 0 011010001
C1 0 0 0 011111100
A3 0 0 0 000110100
B2 0 0 0 001000110
B3 0 0 0 010100101
C1 0 0 0 011011010
C2 0 0 0 011101011
A3 0 0 0 000100011
B2 0 0 0 001010001
B3 0 0 0 010110010
C1 0 0 0 011001101
C3 0 0 0 011100000
C2 0 0 0 011111100
A2 0 0 0 100111011
A1 0 0 0 101001011
B1 0 0 0 111011111
C3 0 0 0 011110111
A2 0 0 0 100101100
B1 0 0 0 000011000
A1 0 0 0 010001100
A2 0 0 0 011111100
C1 0 0 0 100001010
C3 0 0 0 100100111
C2 0 0 0 100111011
B3 0 0 0 101110101
B2 0 0 0 110010110
A3 0 0 0 111100100
A1 0 0 0 101011100
B1 0 0 0 001101000
A2 0 0 0 010001100
A1 0 0 0 011111100
B3 0 0 0 100000101
C2 0 0 0 101001011
C3 0 0 0 101010111
C1 0 0 0 101111010
A3 0 0 0 110010100
B2 0 0 0 111100110
B1 0 0 0 111001000
A2 0 0 0 000011000
A1 0 0 0 001101000
B1 0 0 0 011111100
A3 0 0 0 100000000
B2 0 0 0 101110010
B3 0 0 0 110010001
C3 0 0 0 111000011
C2 0 0 0 111011111
C1 0 0 0 111101110
A2 0 0 0 100001010
A1 0 0 0 101111010
B1 0 0 0 111101110
C1 0 0 0 011101011
A2 0 0 0 100011101
B1 0 0 0 000101001
A1 0 0 0 010111101
B2 0 0 0 000000111
C3 0 0 0 000001100
C2 0 0 0 000010000
C1 0 0 0 000100001
B3 0 0 0 001011110
B2 0 0 0 010111101
A3 0 0 0 011001111
B1 0 0 0 100110011
A1 0 0 0 110100111
A2 0 0 0 111010111
A3 0 0 0 001110101
B3 0 0 0 000101100
C1 0 0 0 001010011
C2 0 0 0 001100010
C3 0 0 0 001111110
A3 0 0 0 010111101
B2 0 0 0 011001111
B1 0 0 0 101000001
A2 0 0 0 110100101
A1 0 0 0 111010101
C1 0 0 0 010011011
B2 0 0 0 000100001
A3 0 0 0 001010011
C2 0 0 0 010001100
C3 0 0 0 010010000
C1 0 0 0 010111101
B3 0 0 0 011000010
A1 0 0 0 100111011
A2 0 0 0 101001011
B1 0 0 0 110101111
C2 0 0 0 010101010
B2 0 0 0 000010000
A3 0 0 0 001100010
C1 0 0 0 010001100
C3 0 0 0 010100001
C2 0 0 0 010111101
B3 0 0 0 011110011
A1 0 0 0 100001010
A2 0 0 0 101111010
B1 0 0 0 110011110
C3 0 0 0 010110110
B2 0 0 0 000001100
A3 0 0 0 001111110
C1 0 0 0 010010000
C2 0 0 0 010100001
C3 0 0 0 010111101
B3 0 0 0 011101111
A1 0 0 0 100010110
A2 0 0 0 101100110
B1 0 0 0 110000010
B3 0 0 0 011100100
A3 0 0 0 000101100
B2 0 0 0 001011110
B3 0 0 0 010111101
C1 0 0 0 011000010
C3 0 0 0 011101111
C2 0 0 0 011110011
A2 0 0 0 100110100
A1 0 0 0 101000100
B1 0 0 0 111010000
A1 0 0 0 100011101
A2 0 0 0 101101101
B1 0 0 0 001011001
A2 0 0 0 010111101
A1 0 0 0 011001101
B3 0 0 0 100110100
C1 0 0 0 101001011
C3 0 0 0 101100110
C2 0 0 0 101111010
A3 0 0 0 110100101
B2 0 0 0 111010111
B1 0 0 0 110001001
A1 0 0 0 000101001
A2 0 0 0 001011001
B1 0 0 0 010111101
B2 0 0 0 100110011
A3 0 0 0 101000001
C3 0 0 0 110000010
C2 0 0 0 110011110
C1 0 0 0 110101111
B3 0 0 0 111010000
A2 0 0 0 011001101
C2 0 0 0 100001010
C3 0 0 0 100010110
C1 0 0 0 100111011
B3 0 0 0 101000100
B2 0 0 0 110100111
A3 0 0 0 111010101
A1 0 0 0 101101101
B1 0 0 0 111111001
A2 0 0 0 000101001
A1 0 0 0 001011001
B1 0 0 0 011001101
A3 0 0 0 100110001
B1 0 0 0 000000101
A1 0 0 0 010010001
B2 0 0 0 000101011
A3 0 0 0 001011001
C2 0 0 0 010000110
C3 0 0 0 010011010
C1 0 0 0 010110111
B3 0 0 0 011001000
A1 0 0 0 100110001
A2 0 0 0 101000001
B1 0 0 0 110100101
A2 0 0 0 011100001
A3 0 0 0 000101001
B2 0 0 0 001011011
B3 0 0 0 010111000
C1 0 0 0 011000111
C3 0 0 0 011101010
C2 0 0 0 011110110
A2 0 0 0 100110001
A1 0 0 0 101000001
B1 0 0 0 111010101
C1 0 0 0 100010111
B1 0 0 0 000100011
A1 0 0 0 010110111
A2 0 0 0 011000111
C2 0 0 0 100000000
C3 0 0 0 100011100
C1 0 0 0 100110001
B3 0 0 0 101001110
B2 0 0 0 110101101
A3 0 0 0 111011111
C2 0 0 0 100100110
B1 0 0 0 000010010
A1 0 0 0 010000110
A2 0 0 0 011110110
C1 0 0 0 100000000
C3 0 0 0 100101101
C2 0 0 0 100110001
B3 0 0 0 101111111
B2 0 0 0 110011100
A3 0 0 0 111101110
C3 0 0 0 100111010
B1 0 0 0 000001110
A1 0 0 0 010011010
A2 0 0 0 011101010
C1 0 0 0 100011100
C2 0 0 0 100101101
C3 0 0 0 100110001
B3 0 0 0 101100011
B2 0 0 0 110000000
A3 0 0 0 111110010
B3 0 0 0 101101000
B1 0 0 0 001011100
A2 0 0 0 010111000
A1 0 0 0 011001000
B3 0 0 0 100110001
C1 0 0 0 101001110
C3 0 0 0 101100011
C2 0 0 0 101111111
A3 0 0 0 110100000
B2 0 0 0 111010010
B2 0 0 0 110001011
A1 0 0 0 000101011
A2 0 0 0 001011011
B1 0 0 0 010111111
B2 0 0 0 100110001
A3 0 0 0 101000011
C3 0 0 0 110000000
C2 0 0 0 110011100
C1 0 0 0 110101101
B3 0 0 0 111010010
A3 0 0 0 111111001
B2 0 0 0 101000011
B3 0 0 0 110100000
C1 0 0 0 111011111
C2 0 0 0 111101110
C3 0 0 0 111110010
C2 0 0 0 011010001
C1 0 0 0 011100000
A2 0 0 0 100010110
A1 0 0 0 101100110
B1 0 0 0 111110010
C3 0 0 0 011011010
C1 0 0 0 011110111
A2 0 0 0 100000001
B1 0 0 0 000110101
A1 0 0 0 010100001
A2 0 0 0 011010001
C3 0 0 0 100001010
C2 0 0 0 100010110
C1 0 0 0 100100111
B3 0 0 0 101011000
B1 0 0 0 001101100
A2 0 0 0 010001000
A1 0 0 0 011111000
A3 0 0 0 000110000
C1 0 0 0 000010110
C2 0 0 0 000000001
C3 0 0 0 000011101
C1 0 0 0 000110000
B3 0 0 0 001001111
B2 0 0 0 010101100
A3 0 0 0 011011110
B1 0 0 0 100100010
A1 0 0 0 110110110
A2 0 0 0 111000110
C2 0 0 0 000100111
C1 0 0 0 000000001
C3 0 0 0 000101100
C2 0 0 0 000110000
B3 0 0 0 001111110
B2 0 0 0 010011101
A3 0 0 0 011101111
B1 0 0 0 100010011
A1 0 0 0 110000111
A2 0 0 0 111110111
C3 0 0 0 000111011
C1 0 0 0 000011101
C2 0 0 0 000101100
C3 0 0 0 000110000
B3 0 0 0 001100010
B2 0 0 0 010000001
A3 0 0 0 011110011
B1 0 0 0 100001111
A1 0 0 0 110011011
A2 0 0 0 111101011
B3 0 0 0 001101001
B3 0 0 0 000110000
C1 0 0 0 001001111
C3 0 0 0 001100010
C2 0 0 0 001111110
A3 0 0 0 010100001
B2 0 0 0 011010011
B1 0 0 0 101011101
A2 0 0 0 110111001
A1 0 0 0 111001001
B2 0 0 0 010001010
B2 0 0 0 000110000
A3 0 0 0 001000010
C3 0 0 0 010000001
C2 0 0 0 010011101
C1 0 0 0 010101100
B3 0 0 0 011010011
A1 0 0 0 100101010
A2 0 0 0 101011010
B1 0 0 0 110111110
A3 0 0 0 011111000
B1 0 0 0 100000100
B1 0 0 0 000110000
A1 0 0 0 010100100
A2 0 0 0 011010100
C3 0 0 0 100001111
C2 0 0 0 100010011
C1 0 0 0 100100010
B3 0 0 0 101011101
B2 0 0 0 110111110
A3 0 0 0 111001100
A1 0 0 0 110010000
A1 0 0 0 000110000
A2 0 0 0 001000000
B1 0 0 0 010100100
B2 0 0 0 100101010
A3 0 0 0 101011000
C2 0 0 0 110000111
C3 0 0 0 110011011
C1 0 0 0 110110110
B3 0 0 0 111001001
A2 0 0 0 111100000
A2 0 0 0 000110000
A1 0 0 0 001000000
B1 0 0 0 011010100
A3 0 0 0 100101000
B2 0 0 0 101011010
B3 0 0 0 110111001
C1 0 0 0 111000110
C3 0 0 0 111101011
C2 0 0 0 111110111
B2 0 0 0 001000010
B3 0 0 0 010100001
C1 0 0 0 011011110
C2 0 0 0 011101111
C3 0 0 0 011110011
A2 0 0 0 100101000
A1 0 0 0 101011000
B1 0 0 0 111001100
B3 0 0 0 100000001
C2 0 0 0 101001111
B1 0 0 0 001111011
A2 0 0 0 010011111
A1 0 0 0 011101111
B3 0 0 0 100010110
C3 0 0 0 101000100
C2 0 0 0 101011000
C1 0 0 0 101101001
B1 0 0 0 001011101
A2 0 0 0 010111001
A1 0 0 0 011001001
A3 0 0 0 000000001
B2 0 0 0 001110011
B3 0 0 0 010010000
C3 0 0 0 011000010
C2 0 0 0 011011110
C1 0 0 0 011101111
A2 0 0 0 100011001
A1 0 0 0 101101001
B1 0 0 0 111111101
B3 0 0 0 100110000
B1 0 0 0 000000100
A1 0 0 0 010010000
A2 0 0 0 011100000
C1 0 0 0 100010110
C2 0 0 0 100100111
C3 0 0 0 100111011
B3 0 0 0 101101001
B2 0 0 0 110001010
A3 0 0 0 111111000
C1 0 0 0 101001111
C3 0 0 0 101100010
B1 0 0 0 001010110
A2 0 0 0 010110010
A1 0 0 0 011000010
B3 0 0 0 100111011
C1 0 0 0 101000100
C3 0 0 0 101101001
C2 0 0 0 101110101
A3 0 0 0 110101010
B2 0 0 0 111011000
C2 0 0 0 101111110
B1 0 0 0 001001010
A2 0 0 0 010101110
A1 0 0 0 011011110
B3 0 0 0 100100111
C1 0 0 0 101011000
C2 0 0 0 101101001
C3 0 0 0 101110101
A3 0 0 0 110110110
B2 0 0 0 111000100
A3 0 0 0 110100001
A1 0 0 0 000000001
A2 0 0 0 001110001
B1 0 0 0 010010101
B2 0 0 0 100011011
A3 0 0 0 101101001
C1 0 0 0 110000111
C3 0 0 0 110101010
C2 0 0 0 110110110
B3 0 0 0 111111000
B2 0 0 0 111010011
A2 0 0 0 000000011
A1 0 0 0 001110011
B1 0 0 0 011100111
A3 0 0 0 100011011
B2 0 0 0 101101001
B3 0 0 0 110001010
C2 0 0 0 111000100
C3 0 0 0 111011000
C1 0 0 0 111110101
A3 0 0 0 110000111
B2 0 0 0 111110101
C3 0 0 0 101010011
B1 0 0 0 001100111
A2 0 0 0 010000011
A1 0 0 0 011110011
B3 0 0 0 100001010
C2 0 0 0 101000100
C3 0 0 0 101011000
C1 0 0 0 101110101
A3 0 0 0 110011011
B2 0 0 0 111101001
A2 0 0 0 000111001
A1 0 0 0 001001001
B3 0 0 0 000010000
C3 0 0 0 001000010
C2 0 0 0 001011110
C1 0 0 0 001101111
A3 0 0 0 010000001
B2 0 0 0 011110011
B1 0 0 0 101111101
A2 0 0 0 110011001
A1 0 0 0 111101001
B1 0 0 0 011011101
A3 0 0 0 100100001
B1 0 0 0 000010101
A1 0 0 0 010000001
A2 0 0 0 011110001
C1 0 0 0 100000111
C3 0 0 0 100101010
C2 0 0 0 100110110
B3 0 0 0 101111000
B2 0 0 0 110011011
A3 0 0 0 111101001
B2 0 0 0 101010011
B3 0 0 0 110110000
A1 0 0 0 000010000
A2 0 0 0 001100000
B1 0 0 0 010000100
B2 0 0 0 100001010
A3 0 0 0 101111000
C1 0 0 0 110010110
C2 0 0 0 110100111
C3 0 0 0 110111011
B3 0 0 0 111101001
C1 0 0 0 111001111
A2 0 0 0 000011111
A1 0 0 0 001101111
B1 0 0 0 011111011
A3 0 0 0 100000111
B2 0 0 0 101110101
B3 0 0 0 110010110
C3 0 0 0 111000100
C2 0 0 0 111011000
C1 0 0 0 111101001
C3 0 0 0 111100010
A2 0 0 0 000110010
A1 0 0 0 001000010
B1 0 0 0 011010110
A3 0 0 0 100101010
B2 0 0 0 101011000
B3 0 0 0 110111011
C1 0 0 0 111000100
C3 0 0 0 111101001
C2 0 0 0 111110101
C2 0 0 0 111111110
A2 0 0 0 000101110
A1 0 0 0 001011110
B1 0 0 0 011001010
A3 0 0 0 100110110
B2 0 0 0 101000100
B3 0 0 0 110100111
C1 0 0 0 111011000
C2 0 0 0 111101001
C3 0 0 0 111110101
C1 0 0 0 101111110
A3 0 0 0 110010000
B2 0 0 0 111100010
B2 0 0 0 110111011
A3 0 0 0 111001001
A1 0 0 0 101110001
B1 0 0 0 001000101
B3 0 0 0 000011100
C2 0 0 0 000001011
C3 0 0 0 000000000
